2.722647140433243
3.9172157178830207
6.44298998431852
6.782150618925973
8.338105176698905
9.962322283438615
11.14328298148515
13.02642184638335
15.477481900530531
18.164552133362314
21.539967011710033
22.4756583962074
22.932056370463954
23.845639580114337
24.362786951632838
26.3737239025491
27.06976111139346
29.00610019001591
29.467384508666747
31.103703104810048
33.405718122366125
33.83899427935182
35.2167094640913
36.15684139088355
37.7505784043619
39.79417750764523
40.19455973622716
42.81731276878085
42.92675680345515
43.240554087123286
43.98228648534655
46.96974908419815
49.724987165255286
53.037907604454034
54.92049252642219
57.62685033335613
58.016344059031745
59.40569890773274
60.4341358909737
63.00707451563413
64.23367561310243
66.33079707333215
69.4004468859477
68.87104605627445
70.99836129399496
70.54350884516661
70.04658699903197
70.36281257437405
72.19604280234388
73.16436703047059