-1.810705
-1.810705
0.000000
0.000000
0.000000
0.000000
0.000000
0.000000
0.000000
0.000000
0.000000
0.000000
0.000000
0.000000
0.000000
0.000000
0.000000
0.000000
0.000000
0.000000
0.000000
0.000000
0.000000
0.000000
0.000000
0.000000
0.000000
0.053775
0.053775
-1.035001
-1.035001
-1.621493
-1.621493
-0.578341
0.000000
-1.174133
-1.174133
0.464164
0.464164
-0.104735
-0.104735
-1.406105
0.000000
-1.025018
-1.025018
-1.564436
-1.564436
-1.827873
-1.827873
-1.299589
0.000000
-0.128340
-0.128340
0.277654
0.277654
-1.179000
-1.179000
-1.341152
0.000000
-0.332070
-0.332070
-0.410836
-0.410836
-1.240931
-1.240931
-1.480710
0.000000
-1.437911
-1.437911
-0.796690
-0.796690
-1.925182
-1.925182
-1.781540
0.000000
-1.419917
-1.419917
0.043311
0.043311
-0.994827
-0.994827
-1.871454
0.000000
-1.015748
-1.015748
-0.774033
-0.774033
-0.976578
-0.976578
-2.085415
0.000000
-0.437879
-0.437879
0.022403
0.022403
-0.726080
-0.726080
-0.889780
0.000000
-0.624426
-0.624426
-1.279930
-1.279930
-1.517477
-1.517477
-1.368464
0.000000
-0.912741
-0.912741
-0.751628
-0.751628
-1.191824
-1.191824
-0.242859
0.000000
0.333144
0.333144
0.061654
0.061654
-1.493304
-1.493304
-0.589377
0.000000
-0.369848
-0.369848
-0.450448
-0.450448
-0.834581
-0.834581
-1.452666
0.000000
-0.943103
-0.943103
-0.335659
-0.335659
-0.713061
-0.713061
-1.785048
0.000000
-1.739369
-1.739369
0.718274
0.718274
-0.652637
-0.652637
-0.787765
0.000000
-0.962211
-0.962211
-0.464313
-0.464313
-0.435952
-0.435952
-0.943994
0.000000
0.000000
0.000000
0.000000
0.000000
0.000000
0.000000
0.000000
0.000000
0.000000
0.000000
0.000000
0.000000
0.000000
0.000000
0.000000
0.000000
0.000000
0.000000
-2.147875
-2.147875
1.348806
-0.737016
-0.737016
15.023721
15.023721
11.749936
-1.811666
-1.811666
14.725437
14.725437
12.456071
-1.552268
-1.552268
-1.072563
0.000000
0.000000
0.000000
0.000000
0.000000
0.000000
0.000000
-1.000000
-1.000000
1.000000
0.000000
0.000000
0.000000
0.000000
0.000000
0.000000
0.000000
0.000000
0.000000
0.000000
0.000000
0.000000
0.000000
0.000000
0.000000
0.000000
0.000000
0.000000
0.000000
0.000000
0.000000
0.000000
0.000000
0.000000
0.000000
0.000000
0.000000
0.000000
0.000000
0.000000
-0.338362
-0.338362
0.258838
0.258838
-0.267418
-0.267418
0.000000
-1.171476
0.000000
-0.964653
0.000000
-0.867373
0.000000
-0.792083
-0.963885
0.000000
0.000000
0.000000
0.000000
-1.584899
-1.584899
-0.947100
0.000000
0.000000
0.000000
0.000000
-0.737430
-0.737430
0.433842
-0.203116
0.000000
0.000000
0.000000
-0.827468
0.593107
0.593107
-0.661598
0.000000
0.000000
0.000000
-2.149274
-2.370886
-1.203313
-0.265693
-0.829739
-1.147208
0.000000
0.000000
-0.935293
-0.935293
-0.034130
-1.557460
0.000000
0.000000
0.000000
0.000000
-1.730444
-1.730444
0.541799
-2.295319
-0.967764
0.000000
0.000000
-1.266613
-1.266613
-1.926722
0.000000
0.000000
0.000000
0.000000
0.000000
0.000000
-1.730444
-1.730444
-0.844501
0.000000
0.000000
0.000000
0.000000
-1.584899
-1.584899
-0.057054
-0.489724
0.000000
0.000000
0.000000
-0.920942
-0.118079
-0.118079
0.963120
0.000000
0.000000
0.000000
-0.830218
-1.398727
-1.266901
-0.867243
-0.555709
-0.746550
0.000000
0.000000
-0.737430
-0.737430
-1.369252
-1.402422
0.000000
0.000000
0.000000
0.000000
-0.935293
-0.935293
1.865512
-1.526162
-0.523374
0.000000
0.000000
-1.053291
-1.053291
-1.502914
0.000000
0.000000
0.000000
0.000000
0.000000
0.000000
-0.935293
-0.935293
-0.586386
0.000000
0.000000
0.000000
0.000000
-1.730444
-1.730444
0.154982
-1.164624
0.000000
0.000000
0.000000
-0.429011
-0.049863
-0.049863
0.827087
0.000000
0.000000
0.000000
0.065867
0.032462
-0.858611
-0.490956
-0.464121
-0.452762
0.000000
0.000000
-1.584899
-1.584899
-1.140096
-1.410297
0.000000
0.000000
0.000000
0.000000
-0.737430
-0.737430
-0.165581
-1.051952
-0.852316
0.000000
0.000000
-0.934652
-0.934652
-0.657154
0.000000
0.000000
0.000000
0.000000
0.000000
0.000000
-0.737430
-0.737430
-0.132601
0.000000
0.000000
0.000000
0.000000
-0.935293
-0.935293
-0.095462
-1.017063
0.000000
0.000000
0.000000
0.062522
0.990322
0.990322
-0.047589
0.000000
0.000000
0.000000
-0.121222
0.042021
-0.979375
-0.313764
-0.414626
-0.594098
0.000000
0.000000
-1.730444
-1.730444
-0.600863
-1.719629
0.000000
0.000000
0.000000
0.000000
-1.584899
-1.584899
0.508855
-2.389135
-1.316571
0.000000
0.000000
-0.075638
-0.075638
0.017665
0.000000
0.000000
0.000000
0.000000
0.000000
0.000000
0.000000
0.000000
0.000000
0.000000
0.000000
0.000000
0.000000
0.000000
0.000000
0.000000
0.000000
0.000000
0.000000
0.000000
0.000000
0.000000
0.000000
0.000000
0.000000
0.000000
0.000000
0.000000
0.000000
0.000000
0.000000
0.000000
-0.346963
-0.346963
-1.107936
0.000000
0.000000
0.000000
0.000000
0.000000
0.000000
0.000000
-0.025475
0.100133
0.100133
-1.783798
0.000000
0.000000
-0.417936
-0.268548
0.000000
0.000000
0.000000
0.000000
-0.025475
0.182912
0.182912
-1.402018
0.000000
0.000000
-0.417936
-1.430390
0.000000
0.000000
0.000000
0.000000
-0.025475
-0.123840
-0.123840
-1.468337
0.000000
0.000000
-0.417936
-0.977564
0.000000
0.000000
0.000000
0.000000
-0.025475
-0.139514
-0.139514
-1.226118
0.000000
0.000000
-0.417936
-1.374157
0.000000
0.000000
0.000000
0.000000
-0.025475
-0.123840
-0.123840
-1.225473
0.000000
0.000000
-0.417936
-0.915325
0.000000
0.000000
0.000000
0.000000
-0.025475
-0.139514
-0.139514
-1.023520
0.000000
0.000000
-0.417936
-2.073141
0.000000
0.000000
0.000000
0.000000
-0.025475
-0.123840
-0.123840
-1.216954
0.000000
0.000000
-0.417936
-1.618137
0.000000
0.000000
0.000000
0.000000
-0.025475
-0.139514
-0.139514
-1.028256
0.000000
0.000000
-0.417936
0.231549
0.000000
0.000000
0.000000
0.000000
-0.025475
-0.123840
-0.123840
-1.521093
0.000000
0.000000
-0.417936
0.692155
0.000000
0.000000
0.000000
0.000000
-0.025475
-0.139514
-0.139514
-1.284073
0.000000
0.000000
-0.417936
-0.475809
0.000000
0.000000
0.000000
0.000000
-0.025475
-0.123840
-0.123840
-1.535817
0.000000
0.000000
-0.417936
-0.013521
0.000000
0.000000
0.000000
0.000000
-0.025475
-0.139514
-0.139514
-1.313544
0.000000
0.000000
-0.417936
-0.412187
0.000000
0.000000
0.000000
0.000000
0.066673
0.031139
0.031139
-1.306757
0.000000
0.000000
-0.270852
0.135316
0.000000
0.000000
0.000000
0.000000
0.066673
0.014677
0.014677
-1.117835
0.000000
0.000000
-0.270852
-1.031244
0.000000
0.000000
0.000000
0.000000
0.066673
0.028746
0.028746
-1.278897
0.000000
0.000000
-0.270852
-0.563625
0.000000
0.000000
0.000000
0.000000
0.066673
0.011554
0.011554
-1.055989
0.000000
0.000000
0.000000
0.000000
0.000000
0.000000
0.000000
0.000000
0.000000
0.000000
0.000000
0.000000
0.000000
0.000000
0.000000
0.000000
0.000000
0.000000
0.000000
-2.026594
-2.026594
-0.822717
-0.822717
-0.696718
-1.462936
-1.462936
-1.822508
0.000000
0.000000
-1.725810
-1.725810
-0.568554
-0.568554
-0.849202
-2.744392
-2.744392
-1.760416
0.000000
0.000000
-0.729252
-0.729252
-0.498354
-0.498354
-0.945339
-1.937862
-1.937862
-1.213816
0.000000
0.000000
-1.078589
-1.078589
-0.558546
-0.558546
-0.515052
0.503403
0.503403
0.132564
0.000000
0.000000
0.000000
0.000000
0.000000
0.000000
0.000000
0.000000
0.000000
0.000000
0.000000
0.000000
0.000000
0.000000
0.000000
0.000000
0.000000
-0.337614
-0.337614
0.375415
0.375415
0.000000
0.000000
0.000000
0.000000
0.000000
0.000000
0.000000
0.000000
1.053468
1.053468
0.624215
0.624215
0.597109
0.000000
0.000000
0.328842
0.000000
1.006840
1.006840
0.044965
0.044965
0.000000
0.000000
0.000000
0.000000
0.000000
0.000000
0.000000
0.000000
-1.280337
-1.280337
-2.049141
-2.049141
-0.644471
0.000000
0.000000
-0.504934
0.000000
0.602259
0.602259
-0.694194
-0.694194
0.000000
0.000000
0.000000
0.000000
0.000000
0.000000
0.000000
0.000000
-1.493230
-1.493230
-2.695363
-2.695363
-0.795775
0.000000
0.000000
-1.329451
0.000000
0.670061
0.670061
-0.588312
-0.588312
0.000000
0.000000
0.000000
0.000000
0.000000
0.000000
0.000000
0.000000
-0.795782
-0.795782
-1.303783
-1.303783
-0.337213
0.000000
0.000000
0.000000
0.000000
0.000000
0.000000
0.000000
0.000000
0.000000
0.000000
0.000000
0.000000
0.000000
0.000000
0.000000
0.000000
0.000000
0.000000
0.000000
0.000000
0.000000
0.000000
0.000000
0.000000
